Ranking: Euclidean-------------
[5.85265254e-06 2.07155069e+00 2.09657571e+00 2.12421922e+00
 2.15217283e+00 2.15725010e+00 2.16166885e+00 2.16881018e+00
 2.17979582e+00 2.20076728e+00]

Ranking: Manhattan-------------
[5.53941035e-05 1.57327173e+01 1.72687449e+01 1.77115911e+01
 1.80035468e+01 1.80598523e+01 1.82024148e+01 1.83284681e+01
 1.84426189e+01 1.85165771e+01]

Ranking: Cosine-------------
[4.55857574e-13 5.80881524e-02 5.87364792e-02 6.16929566e-02
 6.21055737e-02 6.28267419e-02 6.31385523e-02 6.32991984e-02
 6.34219466e-02 6.38153328e-02]
